date,date-week,date-month,recovered-cases,follow-up,positive-total,at-home,at-hospital,positive-new,incidency,down-total,down-new,lethality,mortality,occupancy-rate-place,occupancy-rate-percentage,district-name,cases-by-district,gender,positive-by-gender,down-by-gender,ages,positive-by-age-female,positive-by-age-male,down-by-age-female,down-by-age-male,Brazil,SP State
3/18/2020,12,3,0,2,2,0,0,2,0.3,0,0,0.00,0.00,icu-covid,83.1,Bq Eucaliptos,304,female,3576,80,0-to-10,71,81,0,0,2733677,558685
3/19/2020,12,3,0,2,2,0,0,0,0.3,0,0,0.00,0.00,ward-covid,57.8,Campo dos Alemaes,240,male,3566,124,11-to-20,180,175,0,0,94104,23317
3/20/2020,12,3,0,2,2,0,0,0,0.3,0,0,0.00,0.00,icu-general,50.6,Satelite,236,,,,21-to-30,692,598,1,0,209000000,45920000
3/21/2020,12,3,0,2,2,0,0,0,0.3,0,0,0.00,0.00,ward-general,9.4,Morumbi,232,,,,31-to-40,962,969,5,6,45.03,50.78
3/22/2020,13,3,0,5,5,0,0,3,0.7,0,0,0.00,0.00,icu-hm,81.3,Aquarius,199,,,,41-to-50,748,773,8,7,3.44,4.17
3/23/2020,13,3,0,7,7,0,0,2,1.0,0,0,0.00,0.00,ward-hm,60,Jd Industrias,189,,,,51-to-60,455,526,9,18,,
3/24/2020,13,3,0,7,7,0,0,0,1.0,0,0,0.00,0.00,,,Urbanva,157,,,,61-to-70,286,266,15,38,,
3/25/2020,13,3,0,9,9,0,0,2,1.2,0,0,0.00,0.00,,,Altos de Santana,146,,,,71-to-80,104,126,15,28,,
3/26/2020,13,3,0,11,11,0,0,2,1.5,0,0,0.00,0.00,,,Pq Industrial,146,,,,81-to-90,62,46,20,24,,
3/27/2020,13,3,0,14,14,0,0,3,1.9,0,0,0.00,0.00,,,Santana,140,,,,91-up,16,6,7,3,,
3/28/2020,13,3,0,18,18,0,0,4,2.5,0,0,0.00,0.00,,,,,,,,,,,,,,
3/29/2020,14,3,0,18,18,0,0,0,2.5,0,0,0.00,0.00,,,,,,,,,,,,,,
3/30/2020,14,3,0,32,32,0,0,14,4.4,0,0,0.00,0.00,,,,,,,,,,,,,,
3/31/2020,14,3,0,32,33,0,0,1,4.6,1,1,3.03,0.14,,,,,,,,,,,,,,
4/1/2020,14,4,0,35,36,21,14,3,5.0,1,0,2.78,0.14,,,,,,,,,,,,,,
4/2/2020,14,4,0,49,50,37,12,14,6.9,1,0,2.00,0.14,,,,,,,,,,,,,,
4/3/2020,14,4,0,57,58,41,16,8,8.0,1,0,1.72,0.14,,,,,,,,,,,,,,
4/4/2020,14,4,0,57,58,41,16,0,8.0,1,0,1.72,0.14,,,,,,,,,,,,,,
4/5/2020,15,4,0,57,58,41,16,0,8.0,1,0,1.72,0.14,,,,,,,,,,,,,,
4/6/2020,15,4,15,50,66,46,18,8,9.1,1,0,1.52,0.14,,,,,,,,,,,,,,
4/7/2020,15,4,15,62,78,47,28,12,10.8,1,0,1.28,0.14,,,,,,,,,,,,,,
4/8/2020,15,4,16,60,78,55,20,0,10.8,2,1,2.56,0.28,,,,,,,,,,,,,,
4/9/2020,15,4,16,60,78,55,20,0,10.8,2,0,2.56,0.28,,,,,,,,,,,,,,
4/10/2020,15,4,16,60,78,55,20,0,10.8,2,0,2.56,0.28,,,,,,,,,,,,,,
4/11/2020,15,4,18,65,85,55,30,7,11.8,2,0,2.35,0.28,,,,,,,,,,,,,,
4/12/2020,16,4,18,65,85,55,30,0,11.8,2,0,2.35,0.28,,,,,,,,,,,,,,
4/13/2020,16,4,34,63,100,87,9,15,13.9,3,1,3.00,0.42,,,,,,,,,,,,,,
4/14/2020,16,4,34,68,105,93,8,5,14.5,3,0,2.86,0.42,,,,,,,,,,,,,,
4/15/2020,16,4,34,71,108,94,10,3,15.0,3,0,2.78,0.42,,,,,,,,,,,,,,
4/16/2020,16,4,42,86,131,118,9,23,18.1,3,0,2.29,0.42,,,,,,,,,,,,,,
4/17/2020,16,4,42,86,131,118,9,0,18.1,3,0,2.29,0.42,,,,,,,,,,,,,,
4/18/2020,16,4,59,81,143,134,9,12,19.8,3,0,2.10,0.42,,,,,,,,,,,,,,
4/19/2020,17,4,59,81,143,134,9,0,19.8,3,0,2.10,0.42,,,,,,,,,,,,,,
4/20/2020,17,4,59,81,144,135,9,1,19.9,4,1,2.78,0.55,,,,,,,,,,,,,,
4/21/2020,17,4,59,81,144,135,9,0,19.9,4,0,2.78,0.55,,,,,,,,,,,,,,
4/22/2020,17,4,72,71,149,133,9,5,20.6,6,2,4.03,0.83,,,,,,,,,,,,,,
4/23/2020,17,4,85,70,161,144,10,12,22.3,6,0,3.73,0.83,,,,,,,,,,,,,,
4/24/2020,17,4,85,70,161,144,10,0,22.3,6,0,3.73,0.83,,,,,,,,,,,,,,
4/25/2020,17,4,85,84,176,166,10,15,24.4,7,1,3.98,0.97,,,,,,,,,,,,,,
4/26/2020,18,4,85,84,176,166,10,0,24.4,7,0,3.98,0.97,,,,,,,,,,,,,,
4/27/2020,18,4,101,76,187,171,6,11,25.9,10,3,5.35,1.39,,,,,,,,,,,,,,
4/28/2020,18,4,101,91,202,185,7,15,28.0,10,0,4.95,1.39,,,,,,,,,,,,,,
4/29/2020,18,4,101,104,215,193,12,13,29.8,10,0,4.65,1.39,,,,,,,,,,,,,,
4/30/2020,18,4,101,119,231,211,9,16,32.0,11,1,4.76,1.52,,,,,,,,,,,,,,
5/1/2020,18,5,101,119,231,211,9,0,32.0,11,0,4.76,1.52,,,,,,,,,,,,,,
5/2/2020,18,5,101,127,239,230,9,8,33.1,11,0,4.60,1.52,,,,,,,,,,,,,,
5/3/2020,19,5,101,127,239,230,9,0,33.1,11,0,4.60,1.52,,,,,,,,,,,,,,
5/4/2020,19,5,147,117,278,256,8,39,38.5,14,3,5.04,1.94,,,,,,,,,,,,,,
5/5/2020,19,5,147,139,300,126,13,22,41.6,14,0,4.67,1.94,,,,,,,,,,,,,,
5/6/2020,19,5,156,140,310,127,13,10,42.9,14,0,4.52,1.94,,,,,,,,,,,,,,
5/7/2020,19,5,157,159,331,145,14,21,45.8,15,1,4.53,2.08,,,,,,,,,,,,,,
5/8/2020,19,5,171,164,351,150,14,20,48.6,16,1,4.56,2.22,,,,,,,,,,,,,,
5/9/2020,19,5,171,176,363,150,14,12,50.3,16,0,4.41,2.22,,,,,,,,,,,,,,
5/10/2020,20,5,171,176,363,150,14,0,50.3,16,0,4.41,2.22,,,,,,,,,,,,,,
5/11/2020,20,5,202,148,367,134,14,4,50.8,17,1,4.63,2.35,,,,,,,,,,,,,,
5/12/2020,20,5,207,167,391,143,24,24,54.2,17,0,4.35,2.35,,,,,,,,,,,,,,
5/13/2020,20,5,233,158,408,138,20,17,56.5,17,0,4.17,2.35,,,,,,,,,,,,,,
5/14/2020,20,5,245,146,409,129,17,1,56.6,18,1,4.40,2.49,,,,,,,,,,,,,,
5/15/2020,20,5,245,157,421,137,20,12,58.3,19,1,4.51,2.63,,,,,,,,,,,,,,
5/16/2020,20,5,245,157,423,137,20,2,58.6,21,2,4.96,2.91,,,,,,,,,,,,,,
5/17/2020,21,5,245,157,423,137,20,0,58.6,21,0,4.96,2.91,,,,,,,,,,,,,,
5/18/2020,21,5,302,140,468,119,21,45,64.8,26,5,5.56,3.60,,,,,,,,,,,,,,
5/19/2020,21,5,344,137,509,115,22,41,70.5,28,2,5.50,3.88,,,,,,,,,,,,,,
5/20/2020,21,5,387,137,553,111,26,44,76.6,29,1,5.24,4.02,,,,,,,,,,,,,,
5/21/2020,21,5,412,136,578,104,32,25,80.1,30,1,5.19,4.16,,,,,,,,,,,,,,
5/22/2020,21,5,427,155,612,128,27,34,84.8,30,0,4.90,4.16,,,,,,,,,,,,,,
5/23/2020,21,5,427,158,616,128,27,4,85.3,31,1,5.03,4.29,,,,,,,,,,,,,,
5/24/2020,22,5,427,158,616,128,27,0,85.3,31,0,5.03,4.29,,,,,,,,,,,,,,
5/25/2020,22,5,427,158,616,128,27,0,85.3,31,0,5.03,4.29,,,,,,,,,,,,,,
5/26/2020,22,5,437,219,687,193,26,71,95.2,31,0,4.51,4.29,,,,,,,,,,,,,,
5/27/2020,22,5,464,230,727,213,17,40,100.7,33,2,4.54,4.57,,,,,,,,,,,,,,
5/28/2020,22,5,493,267,794,236,31,67,110.0,34,1,4.28,4.71,,,,,,,,,,,,,,
5/29/2020,22,5,519,287,842,258,29,48,116.6,36,2,4.28,4.99,,,,,,,,,,,,,,
5/30/2020,22,5,519,310,866,258,29,24,119.9,37,1,4.27,5.12,,,,,,,,,,,,,,
5/31/2020,23,5,519,310,866,258,29,0,119.9,37,0,4.27,5.12,,,,,,,,,,,,,,
6/1/2020,23,6,519,334,890,297,37,24,123.3,37,0,4.16,5.12,,,,,,,,,,,,,,
6/2/2020,23,6,564,353,957,308,45,67,132.5,40,3,4.18,5.54,,,,,,,,,,,,,,
6/3/2020,23,6,641,319,1002,269,60,45,138.8,42,2,4.19,5.82,,,,,,,,,,,,,,
6/4/2020,23,6,701,320,1066,267,53,64,147.6,45,3,4.22,6.23,,,,,,,,,,,,,,
6/5/2020,23,6,739,332,1116,282,50,50,154.6,45,0,4.03,6.23,,,,,,,,,,,,,,
6/6/2020,23,6,865,227,1138,282,50,22,157.6,46,1,4.04,6.37,,,,,,,,,,,,,,
6/7/2020,24,6,865,227,1138,282,50,0,157.6,46,0,4.04,6.37,,,,,,,,,,,,,,
6/8/2020,24,6,758,395,1204,354,41,66,166.8,51,5,4.24,7.06,,,,,,,,,,,,,,
6/9/2020,24,6,879,339,1271,301,38,67,176.0,53,2,4.17,7.34,,,,,,,,,,,,,,
6/10/2020,24,6,961,381,1397,338,43,126,193.5,55,2,3.94,7.62,,,,,,,,,,,,,,
6/11/2020,24,6,961,381,1397,338,43,0,193.5,55,0,3.94,7.62,,,,,,,,,,,,,,
6/12/2020,24,6,961,442,1461,338,43,64,202.4,58,3,3.97,8.03,,,,,,,,,,,,,,
6/13/2020,24,6,961,473,1493,338,43,32,206.8,59,1,3.95,8.17,,,,,,,,,,,,,,
6/14/2020,25,6,961,473,1493,338,43,0,206.8,59,0,3.95,8.17,,,,,,,,,,,,,,
6/15/2020,25,6,1004,470,1535,421,49,42,212.6,61,2,3.97,8.45,,,,,,,,,,,,,,
6/16/2020,25,6,1139,525,1728,476,49,193,239.3,64,3,3.70,8.86,,,,,,,,,,,,,,
6/17/2020,25,6,1227,541,1835,493,48,107,254.2,67,3,3.65,9.28,,,,,,,,,,,,,,
6/18/2020,25,6,1321,652,2045,603,49,210,283.2,72,5,3.52,9.97,,,,,,,,,,,,,,
6/19/2020,25,6,1321,652,2045,603,49,0,283.2,72,0,3.52,9.97,,,,,,,,,,,,,,
6/20/2020,25,6,1321,707,2103,603,49,58,291.3,75,3,3.57,10.39,,,,,,,,,,,,,,
6/21/2020,26,6,1321,707,2103,603,49,0,291.3,75,0,3.57,10.39,,,,,,,,,,,,,,
6/22/2020,26,6,1360,751,2192,709,42,89,303.6,81,6,3.70,11.22,,,,,,,,,,,,,,
6/23/2020,26,6,1369,914,2365,874,40,173,327.6,82,1,3.47,11.36,,,,,,,,,,,,,,
6/24/2020,26,6,1455,923,2462,873,50,97,341.0,84,2,3.41,11.63,,,,,,,,,,,,,,
6/25/2020,26,6,1501,974,2561,930,44,99,354.7,86,2,3.36,11.91,,,,,,,,,,,,,,
6/26/2020,26,6,1578,1085,2750,1034,51,189,380.9,87,1,3.16,12.05,,,,,,,,,,,,,,
6/27/2020,26,6,1578,1098,2763,1034,51,13,382.7,87,0,3.15,12.05,,,,,,,,,,,,,,
6/28/2020,27,6,1578,1098,2763,1034,51,0,382.7,87,0,3.15,12.05,,,,,,,,,,,,,,
6/29/2020,27,6,1767,1124,2983,1034,51,220,413.2,92,5,3.08,12.74,,,,,,,,,,,,,,
6/30/2020,27,6,1912,1068,3073,1002,66,90,425.6,93,1,3.03,12.88,,,,,,,,,,,,,,
7/1/2020,27,7,1997,1103,3195,1044,59,122,442.5,95,2,2.97,13.16,,,,,,,,,,,,,,
7/2/2020,27,7,2089,1065,3253,1003,62,58,450.6,99,4,3.04,13.71,,,,,,,,,,,,,,
7/3/2020,27,7,2236,1023,3360,959,64,107,465.4,101,2,3.01,13.99,,,,,,,,,,,,,,
7/4/2020,27,7,2236,1236,3577,959,64,217,495.4,105,4,2.94,14.54,,,,,,,,,,,,,,
7/5/2020,28,7,2236,1236,3577,959,64,0,495.4,105,0,2.94,14.54,,,,,,,,,,,,,,
7/6/2020,28,7,2313,1264,3690,1198,66,113,511.1,113,8,3.06,15.65,,,,,,,,,,,,,,
7/7/2020,28,7,2422,1241,3776,1169,72,86,523.0,113,0,2.99,15.65,,,,,,,,,,,,,,
7/8/2020,28,7,2623,1168,3906,1096,72,130,541.0,115,2,2.94,15.93,,,,,,,,,,,,,,
7/9/2020,28,7,2652,1252,4022,1189,63,116,557.1,118,3,2.93,16.34,,,,,,,,,,,,,,
7/10/2020,28,7,2652,1290,4061,1227,63,39,562.5,119,1,2.93,16.48,,,,,,,,,,,,,,
7/11/2020,28,7,2652,1290,4064,1227,63,3,562.9,122,3,3.00,16.90,,,,,,,,,,,,,,
7/12/2020,29,7,2652,1290,4064,1227,63,0,562.9,122,0,3.00,16.90,,,,,,,,,,,,,,
7/13/2020,29,7,2749,1436,4311,1372,64,247,597.1,126,4,2.92,17.45,,,,,,,,,,,,,,
7/14/2020,29,7,2834,1458,4422,1396,62,111,612.5,130,4,2.94,18.01,,,,,,,,,,,,,,
7/15/2020,29,7,2963,1349,4444,1280,69,22,615.5,132,2,2.97,18.28,,,,,,,,,,,,,,
7/16/2020,29,7,3032,1288,4457,1212,76,13,617.3,137,5,3.07,18.98,,,,,,,,,,,,,,
7/18/2020,29,7,3137,1535,4816,1369,92,359,667.0,144,7,2.99,19.94,,,,,,,,,,,,,,
7/19/2020,30,7,3137,1535,4816,1369,92,0,667.0,144,0,2.99,19.94,,,,,,,,,,,,,,
7/20/2020,30,7,3222,1471,4848,1389,82,32,671.5,155,11,3.20,21.47,,,,,,,,,,,,,,
7/21/2020,30,7,3301,1463,4922,1377,86,74,681.7,158,3,3.21,21.88,,,,,,,,,,,,,,
7/22/2020,30,7,3301,1877,5345,1797,80,423,740.3,167,9,3.12,23.13,,,,,,,,,,,,,,
7/23/2020,30,7,3366,2119,5658,2045,74,313,783.7,173,6,3.06,23.96,,,,,,,,,,,,,,
7/24/2020,30,7,3394,2400,5975,2318,82,317,827.6,181,8,3.03,25.07,,,,,,,,,,,,,,
7/25/2020,30,7,3394,2404,5983,2318,82,8,828.7,185,4,3.09,25.62,,,,,,,,,,,,,,
7/26/2020,31,7,3394,2404,5983,2318,82,0,828.7,185,0,3.09,25.62,,,,,,,,,,,,,,
7/27/2020,31,7,3394,2404,5983,2318,82,0,828.7,185,0,3.09,25.62,,,,,,,,,,,,,,
7/28/2020,31,7,3446,2786,6424,2698,88,441,889.8,192,7,2.99,26.59,,,,,,,,,,,,,,
7/29/2020,31,7,3491,2962,6647,2878,84,223,920.6,194,2,2.92,26.87,,,,,,,,,,,,,,
7/30/2020,31,7,3568,2995,6763,2905,90,116,936.7,200,6,2.96,27.70,,,,,,,,,,,,,,
7/31/2020,31,7,3698,3240,7142,3151,89,379,989.2,204,4,2.86,28.25,,,,,,,,,,,,,,
8/1/2020,31,8,3698,3271,7174,3151,89,32,993.6,205,1,2.86,28.39,,,,,,,,,,,,,,
8/2/2020,32,8,3698,3271,7174,3151,89,0,993.6,205,0,2.86,28.39,,,,,,,,,,,,,,
8/3/2020,32,8,3779,3431,7423,3329,102,249,1028.1,213,8,2.87,29.50,,,,,,,,,,,,,,
8/4/2020,32,8,3809,3655,7684,3546,109,261,1064.3,220,7,2.86,30.47,,,,,,,,,,,,,,